3
60
0 Minecraft 83
1 Hollow Knight: Silksong 90
2 Hollow Knight 91
3 Baba Is You 78
4 Red Dead Redemption 2 89
5 The Elder Scrolls V: Skyrim 86
6 Grand Theft Auto V 85
7 God of War 91
8 Hades 86
9 The Witcher 3: Wild Hunt 91
10 Metal Gear Solid V: The Phantom Pain 81
11 Resident Evil 4 89
12 Chrono Trigger 92
13 The Legend of Zelda: Ocarina of Time 91
14 Borderlands 2 81
15 The Last of Us 79
16 Half-Life 2 91
17 Valorant 47
18 Counter-Strike 2 52
19 Dark Souls III 88
20 Halo: Combat Evolved 86
21 FIFA 23 40
22 Portal 88
23 Portal 2 89
24 Super Smash Bros. Ultimate 87
25 Pokemon Scarlet 34
26 Super Mario Odyssey 89
27 Fallout 2 91
28 BioShock 88
29 Tetris 76
30 Undertale 87
31 Deltarune 89
32 Baldur's Gate III 92
33 Overwatch 2 19
34 Gang Beasts 68
35 The Binding of Isaac: Rebirth 84
36 Buckshot Roulette 77
37 Celeste 87
38 A Dance of Fire and Ice 83
39 Doki Doki Literature Club 83
40 Don't Starve Together 79
41 Euro Truck Simulator 2 86
42 Friday the 13th: The Game 62
43 Slay the Princess 83
44 Inscryption 85
45 Keep Talking and Nobody Explodes 76
46 The Jackbox Party Pack 3 78
47 Little Nightmares 80
48 Outer Wilds 89
49 Plague Inc: Evolved 72
50 Poly Bridge 68
51 Potion Craft: Alchemist Simulator 72
52 Raft 74
53 R.E.P.O. 89
54 Scribblenauts Unlimited 76
55 The Sims 4 56
56 Slime Rancher 80
57 The Stanley Parable 80
58 Terraria 84
59 Rocket League 80
1770
1 0 3
2 0 3
2 1 6
3 0 2
3 1 3
3 2 3
4 0 5
4 1 3
4 2 3
4 3 1
5 0 5
5 1 4
5 2 4
5 3 2
5 4 5
6 0 6
6 1 3
6 2 3
6 3 1
6 4 7
6 5 5
7 0 3
7 1 4
7 2 4
7 3 3
7 4 3
7 5 4
7 6 3
8 0 3
8 1 5
8 2 5
8 3 3
8 4 5
8 5 5
8 6 3
8 7 5
9 0 4
9 1 4
9 2 4
9 3 2
9 4 5
9 5 6
9 6 4
9 7 4
9 8 5
10 0 4
10 1 3
10 2 3
10 3 1
10 4 6
10 5 5
10 6 6
10 7 4
10 8 3
10 9 4
11 0 3
11 1 3
11 2 3
11 3 2
11 4 4
11 5 3
11 6 4
11 7 4
11 8 3
11 9 3
11 10 4
12 0 3
12 1 3
12 2 3
12 3 2
12 4 3
12 5 4
12 6 2
12 7 3
12 8 4
12 9 4
12 10 3
12 11 2
13 0 3
13 1 4
13 2 4
13 3 2
13 4 4
13 5 5
13 6 3
13 7 4
13 8 5
13 9 5
13 10 3
13 11 3
13 12 4
14 0 4
14 1 2
14 2 2
14 3 1
14 4 6
14 5 4
14 6 7
14 7 2
14 8 3
14 9 3
14 10 5
14 11 3
14 12 3
14 13 3
15 0 4
15 1 3
15 2 3
15 3 1
15 4 5
15 5 4
15 6 5
15 7 3
15 8 3
15 9 3
15 10 5
15 11 6
15 12 2
15 13 3
15 14 4
16 0 1
16 1 2
16 2 2
16 3 1
16 4 3
16 5 2
16 6 3
16 7 2
16 8 2
16 9 2
16 10 4
16 11 4
16 12 2
16 13 2
16 14 4
16 15 4
17 0 2
17 1 2
17 2 2
17 3 1
17 4 3
17 5 2
17 6 3
17 7 2
17 8 2
17 9 2
17 10 5
17 11 2
17 12 2
17 13 2
17 14 4
17 15 2
17 16 3
18 0 1
18 1 1
18 2 1
18 3 0
18 4 3
18 5 1
18 6 3
18 7 1
18 8 1
18 9 1
18 10 4
18 11 2
18 12 0
18 13 1
18 14 3
18 15 2
18 16 2
18 17 4
19 0 5
19 1 4
19 2 4
19 3 2
19 4 6
19 5 5
19 6 5
19 7 4
19 8 5
19 9 5
19 10 4
19 11 3
19 12 4
19 13 5
19 14 5
19 15 4
19 16 2
19 17 3
19 18 2
20 0 3
20 1 2
20 2 2
20 3 1
20 4 5
20 5 2
20 6 5
20 7 2
20 8 2
20 9 2
20 10 5
20 11 3
20 12 2
20 13 2
20 14 6
20 15 4
20 16 4
20 17 4
20 18 3
20 19 4
21 0 4
21 1 1
21 2 1
21 3 1
21 4 3
21 5 1
21 6 3
21 7 1
21 8 1
21 9 1
21 10 2
21 11 1
21 12 1
21 13 1
21 14 3
21 15 2
21 16 1
21 17 1
21 18 1
21 19 3
21 20 3
22 0 1
22 1 3
22 2 3
22 3 2
22 4 3
22 5 2
22 6 4
22 7 3
22 8 2
22 9 2
22 10 4
22 11 4
22 12 2
22 13 2
22 14 5
22 15 3
22 16 4
22 17 3
22 18 2
22 19 2
22 20 4
22 21 1
23 0 4
23 1 4
23 2 4
23 3 2
23 4 6
23 5 3
23 6 7
23 7 4
23 8 3
23 9 3
23 10 6
23 11 5
23 12 3
23 13 3
23 14 7
23 15 5
23 16 4
23 17 4
23 18 3
23 19 5
23 20 6
23 21 3
23 22 7
24 0 3
24 1 3
24 2 3
24 3 1
24 4 4
24 5 2
24 6 4
24 7 2
24 8 2
24 9 2
24 10 3
24 11 2
24 12 1
24 13 2
24 14 4
24 15 3
24 16 2
24 17 2
24 18 2
24 19 4
24 20 4
24 21 3
24 22 3
24 23 5
25 0 5
25 1 4
25 2 4
25 3 2
25 4 5
25 5 5
25 6 4
25 7 4
25 8 5
25 9 5
25 10 4
25 11 3
25 12 4
25 13 5
25 14 4
25 15 3
25 16 2
25 17 3
25 18 2
25 19 6
25 20 3
25 21 2
25 22 2
25 23 4
25 24 3
26 0 6
26 1 5
26 2 5
26 3 2
26 4 5
26 5 6
26 6 6
26 7 4
26 8 4
26 9 5
26 10 4
26 11 3
26 12 3
26 13 4
26 14 4
26 15 4
26 16 2
26 17 2
26 18 1
26 19 5
26 20 3
26 21 2
26 22 3
26 23 5
26 24 4
26 25 4
27 0 4
27 1 2
27 2 2
27 3 1
27 4 4
27 5 4
27 6 3
27 7 2
27 8 3
27 9 4
27 10 4
27 11 3
27 12 4
27 13 3
27 14 3
27 15 3
27 16 2
27 17 1
27 18 0
27 19 3
27 20 2
27 21 1
27 22 2
27 23 3
27 24 1
27 25 4
27 26 3
28 0 2
28 1 3
28 2 3
28 3 2
28 4 5
28 5 4
28 6 4
28 7 4
28 8 4
28 9 4
28 10 5
28 11 6
28 12 4
28 13 4
28 14 5
28 15 5
28 16 5
28 17 3
28 18 2
28 19 4
28 20 4
28 21 1
28 22 5
28 23 6
28 24 2
28 25 4
28 26 3
28 27 4
29 0 1
29 1 2
29 2 2
29 3 2
29 4 2
29 5 2
29 6 2
29 7 3
29 8 2
29 9 2
29 10 2
29 11 3
29 12 1
29 13 2
29 14 2
29 15 2
29 16 2
29 17 1
29 18 1
29 19 2
29 20 2
29 21 1
29 22 3
29 23 3
29 24 2
29 25 2
29 26 2
29 27 1
29 28 3
30 0 3
30 1 4
30 2 4
30 3 3
30 4 4
30 5 4
30 6 3
30 7 3
30 8 6
30 9 4
30 10 2
30 11 3
30 12 4
30 13 4
30 14 3
30 15 3
30 16 2
30 17 1
30 18 0
30 19 4
30 20 1
30 21 1
30 22 2
30 23 3
30 24 1
30 25 5
30 26 3
30 27 4
30 28 4
30 29 1
31 0 2
31 1 4
31 2 4
31 3 3
31 4 5
31 5 4
31 6 4
31 7 4
31 8 6
31 9 4
31 10 3
31 11 4
31 12 3
31 13 4
31 14 4
31 15 3
31 16 2
31 17 1
31 18 1
31 19 4
31 20 2
31 21 1
31 22 4
31 23 5
31 24 2
31 25 5
31 26 3
31 27 4
31 28 5
31 29 3
31 30 7
32 0 5
32 1 4
32 2 4
32 3 3
32 4 6
32 5 5
32 6 5
32 7 4
32 8 5
32 9 5
32 10 5
32 11 3
32 12 4
32 13 5
32 14 5
32 15 4
32 16 2
32 17 4
32 18 3
32 19 7
32 20 4
32 21 3
32 22 2
32 23 5
32 24 4
32 25 7
32 26 5
32 27 4
32 28 4
32 29 2
32 30 5
32 31 5
33 0 2
33 1 1
33 2 1
33 3 1
33 4 4
33 5 1
33 6 4
33 7 1
33 8 1
33 9 1
33 10 4
33 11 2
33 12 1
33 13 1
33 14 5
33 15 3
33 16 3
33 17 4
33 18 3
33 19 3
33 20 5
33 21 2
33 22 3
33 23 5
33 24 3
33 25 2
33 26 2
33 27 1
33 28 3
33 29 1
33 30 0
33 31 1
33 32 4
34 0 3
34 1 3
34 2 3
34 3 2
34 4 4
34 5 2
34 6 5
34 7 2
34 8 3
34 9 2
34 10 3
34 11 2
34 12 1
34 13 2
34 14 5
34 15 3
34 16 2
34 17 2
34 18 2
34 19 4
34 20 4
34 21 3
34 22 3
34 23 5
34 24 6
34 25 3
34 26 3
34 27 1
34 28 2
34 29 2
34 30 3
34 31 4
34 32 4
34 33 3
35 0 5
35 1 5
35 2 5
35 3 3
35 4 7
35 5 5
35 6 7
35 7 4
35 8 6
35 9 5
35 10 5
35 11 5
35 12 4
35 13 5
35 14 7
35 15 6
35 16 4
35 17 4
35 18 3
35 19 7
35 20 5
35 21 3
35 22 4
35 23 7
35 24 4
35 25 6
35 26 5
35 27 3
35 28 6
35 29 3
35 30 7
35 31 6
35 32 7
35 33 4
35 34 6
36 0 2
36 1 2
36 2 2
36 3 2
36 4 2
36 5 1
36 6 2
36 7 1
36 8 2
36 9 1
36 10 2
36 11 2
36 12 1
36 13 1
36 14 2
36 15 2
36 16 2
36 17 1
36 18 1
36 19 2
36 20 2
36 21 2
36 22 1
36 23 2
36 24 2
36 25 2
36 26 1
36 27 1
36 28 2
36 29 1
36 30 3
36 31 2
36 32 2
36 33 1
36 34 3
36 35 4
37 0 3
37 1 6
37 2 6
37 3 3
37 4 3
37 5 4
37 6 3
37 7 4
37 8 5
37 9 4
37 10 3
37 11 3
37 12 3
37 13 4
37 14 2
37 15 3
37 16 2
37 17 2
37 18 1
37 19 4
37 20 2
37 21 1
37 22 3
37 23 4
37 24 3
37 25 4
37 26 5
37 27 2
37 28 3
37 29 2
37 30 4
37 31 4
37 32 4
37 33 1
37 34 3
37 35 5
37 36 2
38 0 1
38 1 3
38 2 3
38 3 2
38 4 2
38 5 2
38 6 2
38 7 2
38 8 3
38 9 2
38 10 2
38 11 2
38 12 1
38 13 2
38 14 2
38 15 2
38 16 2
38 17 1
38 18 1
38 19 2
38 20 2
38 21 1
38 22 2
38 23 2
38 24 2
38 25 2
38 26 2
38 27 1
38 28 2
38 29 3
38 30 2
38 31 4
38 32 2
38 33 1
38 34 3
38 35 4
38 36 2
38 37 3
39 0 2
39 1 3
39 2 3
39 3 2
39 4 2
39 5 2
39 6 2
39 7 2
39 8 3
39 9 2
39 10 2
39 11 3
39 12 2
39 13 2
39 14 1
39 15 3
39 16 2
39 17 0
39 18 0
39 19 2
39 20 1
39 21 1
39 22 1
39 23 2
39 24 1
39 25 2
39 26 2
39 27 2
39 28 3
39 29 1
39 30 4
39 31 3
39 32 2
39 33 0
39 34 2
39 35 4
39 36 3
39 37 3
39 38 2
40 0 7
40 1 4
40 2 4
40 3 3
40 4 6
40 5 5
40 6 7
40 7 3
40 8 4
40 9 4
40 10 5
40 11 5
40 12 2
40 13 3
40 14 5
40 15 6
40 16 3
40 17 2
40 18 2
40 19 5
40 20 4
40 21 3
40 22 2
40 23 5
40 24 4
40 25 4
40 26 6
40 27 4
40 28 4
40 29 2
40 30 4
40 31 4
40 32 6
40 33 4
40 34 5
40 35 8
40 36 4
40 37 4
40 38 3
40 39 4
41 0 4
41 1 2
41 2 2
41 3 2
41 4 4
41 5 2
41 6 5
41 7 1
41 8 2
41 9 2
41 10 3
41 11 1
41 12 1
41 13 1
41 14 3
41 15 2
41 16 1
41 17 1
41 18 1
41 19 3
41 20 3
41 21 4
41 22 1
41 23 3
41 24 3
41 25 2
41 26 3
41 27 2
41 28 1
41 29 1
41 30 2
41 31 2
41 32 3
41 33 2
41 34 4
41 35 4
41 36 3
41 37 2
41 38 2
41 39 2
41 40 6
42 0 4
42 1 3
42 2 3
42 3 2
42 4 4
42 5 3
42 6 4
42 7 2
42 8 3
42 9 2
42 10 4
42 11 4
42 12 1
42 13 2
42 14 4
42 15 6
42 16 3
42 17 2
42 18 2
42 19 4
42 20 4
42 21 3
42 22 2
42 23 4
42 24 4
42 25 3
42 26 3
42 27 2
42 28 3
42 29 2
42 30 3
42 31 3
42 32 4
42 33 3
42 34 5
42 35 6
42 36 4
42 37 3
42 38 3
42 39 3
42 40 7
42 41 4
43 0 2
43 1 3
43 2 3
43 3 2
43 4 2
43 5 2
43 6 3
43 7 2
43 8 3
43 9 2
43 10 2
43 11 3
43 12 2
43 13 2
43 14 2
43 15 3
43 16 2
43 17 0
43 18 0
43 19 2
43 20 1
43 21 1
43 22 2
43 23 3
43 24 1
43 25 2
43 26 2
43 27 2
43 28 3
43 29 1
43 30 5
43 31 5
43 32 2
43 33 0
43 34 3
43 35 5
43 36 3
43 37 3
43 38 2
43 39 5
43 40 4
43 41 2
43 42 3
44 0 2
44 1 3
44 2 3
44 3 4
44 4 2
44 5 2
44 6 2
44 7 3
44 8 3
44 9 2
44 10 2
44 11 4
44 12 2
44 13 2
44 14 1
44 15 3
44 16 2
44 17 0
44 18 0
44 19 2
44 20 1
44 21 1
44 22 2
44 23 3
44 24 1
44 25 2
44 26 2
44 27 2
44 28 4
44 29 2
44 30 4
44 31 5
44 32 3
44 33 1
44 34 2
44 35 5
44 36 3
44 37 3
44 38 2
44 39 4
44 40 6
44 41 2
44 42 3
44 43 5
45 0 2
45 1 1
45 2 1
45 3 2
45 4 2
45 5 0
45 6 2
45 7 1
45 8 1
45 9 0
45 10 1
45 11 1
45 12 0
45 13 0
45 14 2
45 15 1
45 16 0
45 17 1
45 18 1
45 19 2
45 20 2
45 21 2
45 22 1
45 23 3
45 24 3
45 25 1
45 26 1
45 27 0
45 28 1
45 29 1
45 30 1
45 31 2
45 32 2
45 33 2
45 34 4
45 35 3
45 36 2
45 37 1
45 38 1
45 39 1
45 40 4
45 41 4
45 42 3
45 43 2
45 44 3
46 0 3
46 1 2
46 2 2
46 3 4
46 4 3
46 5 1
46 6 4
46 7 2
46 8 2
46 9 1
46 10 2
46 11 2
46 12 1
46 13 1
46 14 4
46 15 2
46 16 1
46 17 1
46 18 1
46 19 3
46 20 3
46 21 3
46 22 3
46 23 5
46 24 4
46 25 2
46 26 2
46 27 1
46 28 2
46 29 2
46 30 3
46 31 4
46 32 4
46 33 3
46 34 6
46 35 5
46 36 3
46 37 2
46 38 2
46 39 2
46 40 5
46 41 4
46 42 4
46 43 3
46 44 4
46 45 5
47 0 3
47 1 5
47 2 5
47 3 3
47 4 3
47 5 4
47 6 3
47 7 5
47 8 4
47 9 4
47 10 3
47 11 5
47 12 3
47 13 4
47 14 2
47 15 4
47 16 3
47 17 2
47 18 1
47 19 4
47 20 2
47 21 1
47 22 4
47 23 5
47 24 3
47 25 4
47 26 5
47 27 2
47 28 5
47 29 3
47 30 4
47 31 4
47 32 4
47 33 1
47 34 2
47 35 5
47 36 2
47 37 5
47 38 2
47 39 3
47 40 4
47 41 1
47 42 3
47 43 4
47 44 4
47 45 2
47 46 2
48 0 3
48 1 4
48 2 4
48 3 3
48 4 4
48 5 4
48 6 4
48 7 4
48 8 4
48 9 4
48 10 5
48 11 4
48 12 3
48 13 3
48 14 3
48 15 3
48 16 3
48 17 2
48 18 1
48 19 3
48 20 3
48 21 1
48 22 4
48 23 5
48 24 2
48 25 3
48 26 4
48 27 4
48 28 5
48 29 3
48 30 3
48 31 6
48 32 3
48 33 2
48 34 3
48 35 4
48 36 2
48 37 4
48 38 3
48 39 3
48 40 6
48 41 4
48 42 3
48 43 4
48 44 5
48 45 3
48 46 3
48 47 4
49 0 4
49 1 2
49 2 2
49 3 3
49 4 3
49 5 1
49 6 3
49 7 1
49 8 2
49 9 1
49 10 4
49 11 2
49 12 2
49 13 1
49 14 4
49 15 3
49 16 2
49 17 3
49 18 2
49 19 3
49 20 4
49 21 3
49 22 2
49 23 4
49 24 3
49 25 2
49 26 2
49 27 3
49 28 2
49 29 1
49 30 2
49 31 2
49 32 5
49 33 4
49 34 4
49 35 4
49 36 3
49 37 2
49 38 2
49 39 2
49 40 7
49 41 5
49 42 5
49 43 2
49 44 3
49 45 4
49 46 5
49 47 1
49 48 4
50 0 2
50 1 2
50 2 2
50 3 3
50 4 1
50 5 2
50 6 2
50 7 2
50 8 2
50 9 1
50 10 1
50 11 2
50 12 1
50 13 1
50 14 2
50 15 1
50 16 1
50 17 0
50 18 0
50 19 1
50 20 1
50 21 1
50 22 2
50 23 2
50 24 1
50 25 1
50 26 2
50 27 1
50 28 2
50 29 2
50 30 2
50 31 3
50 32 1
50 33 0
50 34 2
50 35 2
50 36 2
50 37 2
50 38 2
50 39 2
50 40 4
50 41 3
50 42 2
50 43 2
50 44 3
50 45 3
50 46 3
50 47 2
50 48 4
50 49 3
51 0 3
51 1 3
51 2 3
51 3 4
51 4 2
51 5 4
51 6 2
51 7 3
51 8 4
51 9 3
51 10 1
51 11 2
51 12 3
51 13 3
51 14 3
51 15 1
51 16 1
51 17 1
51 18 0
51 19 3
51 20 1
51 21 1
51 22 2
51 23 2
51 24 1
51 25 3
51 26 3
51 27 2
51 28 3
51 29 2
51 30 4
51 31 4
51 32 3
51 33 0
51 34 2
51 35 4
51 36 2
51 37 3
51 38 2
51 39 2
51 40 4
51 41 3
51 42 2
51 43 3
51 44 3
51 45 3
51 46 3
51 47 3
51 48 4
51 49 3
51 50 5
52 0 5
52 1 3
52 2 3
52 3 2
52 4 5
52 5 3
52 6 5
52 7 2
52 8 3
52 9 3
52 10 4
52 11 2
52 12 2
52 13 2
52 14 3
52 15 3
52 16 1
52 17 1
52 18 1
52 19 4
52 20 3
52 21 3
52 22 1
52 23 4
52 24 3
52 25 3
52 26 4
52 27 3
52 28 2
52 29 1
52 30 3
52 31 3
52 32 4
52 33 2
52 34 4
52 35 5
52 36 3
52 37 3
52 38 2
52 39 3
52 40 7
52 41 6
52 42 4
52 43 3
52 44 3
52 45 4
52 46 4
52 47 2
52 48 5
52 49 5
52 50 3
52 51 3
53 0 4
53 1 3
53 2 3
53 3 3
53 4 4
53 5 3
53 6 4
53 7 2
53 8 3
53 9 2
53 10 5
53 11 4
53 12 2
53 13 2
53 14 5
53 15 6
53 16 4
53 17 3
53 18 2
53 19 4
53 20 5
53 21 3
53 22 3
53 23 5
53 24 4
53 25 3
53 26 3
53 27 3
53 28 4
53 29 2
53 30 3
53 31 3
53 32 5
53 33 5
53 34 5
53 35 6
53 36 4
53 37 3
53 38 3
53 39 3
53 40 8
53 41 4
53 42 8
53 43 3
53 44 4
53 45 3
53 46 5
53 47 3
53 48 4
53 49 7
53 50 2
53 51 2
53 52 4
54 0 3
54 1 3
54 2 3
54 3 3
54 4 2
54 5 2
54 6 2
54 7 3
54 8 2
54 9 2
54 10 2
54 11 3
54 12 2
54 13 2
54 14 1
54 15 2
54 16 1
54 17 0
54 18 0
54 19 2
54 20 1
54 21 1
54 22 3
54 23 4
54 24 2
54 25 3
54 26 3
54 27 2
54 28 3
54 29 2
54 30 2
54 31 3
54 32 3
54 33 1
54 34 1
54 35 2
54 36 1
54 37 3
54 38 1
54 39 2
54 40 3
54 41 1
54 42 1
54 43 2
54 44 4
54 45 1
54 46 3
54 47 4
54 48 3
54 49 2
54 50 2
54 51 2
54 52 2
54 53 2
55 0 3
55 1 3
55 2 3
55 3 2
55 4 2
55 5 4
55 6 4
55 7 3
55 8 3
55 9 3
55 10 2
55 11 2
55 12 2
55 13 3
55 14 4
55 15 2
55 16 2
55 17 2
55 18 1
55 19 3
55 20 2
55 21 1
55 22 3
55 23 3
55 24 2
55 25 3
55 26 4
55 27 1
55 28 2
55 29 2
55 30 3
55 31 3
55 32 3
55 33 1
55 34 3
55 35 4
55 36 1
55 37 3
55 38 2
55 39 2
55 40 4
55 41 2
55 42 2
55 43 2
55 44 1
55 45 1
55 46 2
55 47 3
55 48 3
55 49 2
55 50 3
55 51 4
55 52 2
55 53 2
55 54 1
56 0 3
56 1 4
56 2 4
56 3 2
56 4 5
56 5 4
56 6 5
56 7 3
56 8 4
56 9 4
56 10 6
56 11 4
56 12 3
56 13 3
56 14 4
56 15 4
56 16 4
56 17 3
56 18 2
56 19 3
56 20 4
56 21 1
56 22 4
56 23 5
56 24 2
56 25 3
56 26 4
56 27 4
56 28 5
56 29 2
56 30 3
56 31 4
56 32 3
56 33 3
56 34 3
56 35 5
56 36 2
56 37 4
56 38 3
56 39 3
56 40 6
56 41 4
56 42 3
56 43 3
56 44 3
56 45 2
56 46 2
56 47 3
56 48 7
56 49 4
56 50 3
56 51 3
56 52 5
56 53 4
56 54 2
56 55 3
57 0 2
57 1 3
57 2 3
57 3 2
57 4 2
57 5 2
57 6 3
57 7 2
57 8 3
57 9 2
57 10 2
57 11 2
57 12 2
57 13 2
57 14 2
57 15 2
57 16 1
57 17 0
57 18 0
57 19 2
57 20 1
57 21 1
57 22 2
57 23 3
57 24 1
57 25 2
57 26 2
57 27 2
57 28 2
57 29 1
57 30 4
57 31 4
57 32 2
57 33 0
57 34 3
57 35 4
57 36 2
57 37 3
57 38 2
57 39 3
57 40 3
57 41 2
57 42 2
57 43 4
57 44 3
57 45 1
57 46 3
57 47 2
57 48 3
57 49 2
57 50 2
57 51 2
57 52 3
57 53 2
57 54 2
57 55 2
57 56 3
58 0 8
58 1 6
58 2 6
58 3 3
58 4 6
58 5 6
58 6 7
58 7 4
58 8 5
58 9 5
58 10 6
58 11 5
58 12 4
58 13 4
58 14 6
58 15 6
58 16 4
58 17 4
58 18 2
58 19 6
58 20 5
58 21 3
58 22 4
58 23 7
58 24 5
58 25 5
58 26 8
58 27 5
58 28 5
58 29 2
58 30 5
58 31 4
58 32 6
58 33 4
58 34 5
58 35 8
58 36 4
58 37 6
58 38 3
58 39 4
58 40 10
58 41 5
58 42 7
58 43 4
58 44 4
58 45 3
58 46 4
58 47 6
58 48 6
58 49 6
58 50 3
58 51 4
58 52 6
58 53 8
58 54 3
58 55 4
58 56 6
58 57 3
59 0 3
59 1 3
59 2 3
59 3 2
59 4 4
59 5 2
59 6 5
59 7 2
59 8 3
59 9 2
59 10 4
59 11 2
59 12 2
59 13 2
59 14 5
59 15 3
59 16 3
59 17 3
59 18 2
59 19 4
59 20 5
59 21 4
59 22 3
59 23 5
59 24 4
59 25 3
59 26 3
59 27 2
59 28 3
59 29 2
59 30 2
59 31 3
59 32 4
59 33 4
59 34 5
59 35 5
59 36 3
59 37 3
59 38 3
59 39 2
59 40 5
59 41 5
59 42 5
59 43 2
59 44 2
59 45 3
59 46 4
59 47 2
59 48 4
59 49 5
59 50 2
59 51 2
59 52 4
59 53 6
59 54 1
59 55 2
59 56 4
59 57 2
59 58 6
